%YAML:1.0
calib_time: "09-Jan-2012 13:59:33"
corner_dist: 9.950000e-02
S_00: !!opencv-matrix
    rows: 1
    cols: 2
    dt: d
    data: [1.392000e+03, 5.120000e+02]
K_00: !!opencv-matrix
    rows: 3
    cols: 3
    dt: d
    data: [9.786977e+02, 0.000000e+00, 6.900000e+02,
           0.000000e+00, 9.717435e+02, 2.497222e+02,
           0.000000e+00, 0.000000e+00, 1.000000e+00]
D_00: !!opencv-matrix
    rows: 1
    cols: 5
    dt: d
    data: [-3.792567e-01, 2.121203e-01, 9.182571e-04, 1.911304e-03, -7.605535e-02]
R_00: !!opencv-matrix
    rows: 3
    cols: 3
    dt: d
    data: [1.000000e+00, 0.000000e+00, 0.000000e+00,
           0.000000e+00, 1.000000e+00, 0.000000e+00,
           0.000000e+00, 0.000000e+00, 1.000000e+00]
T_00: !!opencv-matrix
    rows: 3
    cols: 1
    dt: d
    data: [1.850372e-17, 6.938894e-17, -7.401487e-17]
S_rect_00: !!opencv-matrix 
    rows: 1
    cols: 2
    dt: d
    data: [1.226000e+03, 3.700000e+02]
R_rect_00: !!opencv-matrix
    rows: 3
    cols: 3
    dt: d
    data: [9.999280e-01, 8.085985e-03, -8.866797e-03,
          -8.123205e-03, 9.999583e-01, -4.169750e-03,
           8.832711e-03, 4.241477e-03, 9.999520e-01]
P_rect_00: !!opencv-matrix
    rows: 3
    cols: 4
    dt: d
    data: [7.070912e+02, 0.000000e+00, 6.018873e+02, 0.000000e+00,
           0.000000e+00, 7.070912e+02, 1.831104e+02, 0.000000e+00,
           0.000000e+00, 0.000000e+00, 1.000000e+00, 0.000000e+00]

S_01: !!opencv-matrix
    rows: 1
    cols: 2
    dt: d
    data: [1.392000e+03, 5.120000e+02]
K_01: !!opencv-matrix
    rows: 3
    cols: 3
    dt: d
    data: [9.892043e+02, 0.000000e+00, 7.020000e+02,
           0.000000e+00, 9.832048e+02, 2.616538e+02,
           0.000000e+00, 0.000000e+00, 1.000000e+00]
D_01: !!opencv-matrix
    rows: 1
    cols: 5
    dt: d
    data: [-3.720803e-01, 1.944116e-01, -1.077099e-04, -9.031379e-05, -6.314998e-02]
R_01: !!opencv-matrix
    rows: 3
    cols: 3
    dt: d
    data: [9.993424e-01, 1.830363e-02, -3.129928e-02,
          -1.856768e-02, 9.997943e-01, -8.166432e-03,
          3.114337e-02,  8.742218e-03,  9.994767e-01]
T_01: !!opencv-matrix
    rows: 3
    cols: 1
    dt: d
    data: [-5.370000e-01, 5.591661e-03, -1.200541e-02]
S_rect_01: !!opencv-matrix 
    rows: 1
    cols: 2
    dt: d
    data: [1.226000e+03, 3.700000e+02]
R_rect_01: !!opencv-matrix
    rows: 3
    cols: 3
    dt: d
    data: [9.996960e-01, -1.040961e-02, 2.234966e-02,
           1.031552e-02, 9.999375e-01, 4.321301e-03,
           -2.239324e-02, -4.089439e-03, 9.997409e-01]
P_rect_01: !!opencv-matrix
    rows: 3
    cols: 4
    dt: d
    data: [7.070912e+02, 0.000000e+00, 6.018873e+02, -3.798145e+02,
           0.000000e+00, 7.070912e+02, 1.831104e+02, 0.000000e+00,
           0.000000e+00, 0.000000e+00, 1.000000e+00, 0.000000e+00]